359cf2f0-9804-4815-84be-17a90ed1fb25,38.9242,-77.031306,07122019-14:25:59
85cae415-b820-4c0e-9313-7d432e1897f5,38.896328,-77.00898,07122019-14:25:59
6cd07651-5bb2-485e-a225-bc4b3bb33a72,38.899162,-77.039119,07122019-14:25:59
28c0eb63-f586-4c3b-92e1-c602032dc1fa,38.885916,-76.949104,07122019-14:25:59
1a14e4c9-5584-47fe-b022-189f68c70e14,38.904594,-77.03915,07122019-14:25:59
9500f4ef-d64c-46ff-928f-8e2741473fef,38.873776,-77.000707,07122019-14:25:59
6efc0291-66f3-4764-8651-81254352440c,38.886428,-77.022038,07122019-14:25:59
fd71e773-36a7-46d5-8145-ecad4b51b255,38.905013,-77.061996,07122019-14:25:59
eea949fe-f024-4155-9b51-d40e06a38fe2,38.89195,-77.023766,07122019-14:25:59
5ec2f7f3-621c-47a3-a746-d8ef55e98b71,38.892235,-77.030262,07122019-14:25:59
a5478c2f-702b-49f5-bfa5-18b7c7217c18,38.890549,-76.991658,07122019-14:25:59
eab15d68-89b4-4ac3-8ccc-54f96bf06045,38.910877,-77.002645,07122019-14:25:59
5b2ff2c0-cbf5-441c-9308-8070804ae7ff,38.896566,-77.010208,07122019-14:25:59
9de9cf8d-216b-4173-8406-5ad21a5f2841,38.911004,-77.032026,07122019-14:25:59
716f79c3-415f-4330-b86d-3314f95a8aff,38.877349,-76.998245,07122019-14:25:59
5d8b3743-610f-4515-9bef-92f57b26bd5d,38.89851,-77.030109,07122019-14:25:59
b020b5c1-891c-419a-a79f-c1b062e84b42,38.876257,-77.007866,07122019-14:25:59
f5a6b9dd-f45f-44e6-978f-60e323020985,38.905639,-77.056924,07122019-14:25:59
e0d70239-c7f3-484b-a929-067463473fe1,38.903814,-77.037303,07122019-14:25:59
2518aa98-c3cc-45b6-ac47-0c3e0117cb52,38.904796,-77.040094,07122019-14:25:59
5fd0e18b-4963-4011-9adb-497f8ff3f5b9,38.931146,-77.026627,07122019-14:25:59
df37c5ee-00b3-4616-b4a4-3b350b25bfd6,38.912535,-77.01837,07122019-14:25:59
0591cd5e-6723-4cc6-94ed-81384ce561e6,38.908109,-76.997221,07122019-14:25:59
43f4c97d-f621-4d84-816e-51fa291c6234,38.913065,-77.014372,07122019-14:25:59
8719014f-828d-47ac-be59-70d6b28ae9ff,38.902595,-77.043289,07122019-14:25:59
f5de618d-c549-46c8-bb42-8339951356c9,38.898039,-77.026692,07122019-14:25:59
e75b95eb-a7d8-43b4-b4fd-77ce6e2b8c8c,38.897531,-77.045215,07122019-14:25:59
b2a2e2ab-a881-4375-a1a8-66be45d11743,38.910965,-77.022139,07122019-14:25:59
7efae6d8-fc8b-4b3a-bbb9-8743b5a97d97,38.897496,-77.04957,07122019-14:25:59
dfe823cd-4b41-4793-9ab4-c6916f732854,38.873533,-77.000841,07122019-14:25:59
152082a8-3685-4943-9a58-6cfc03bc2ae4,38.902927,-77.028631,07122019-14:25:59
a915ba12-9666-4257-89d7-b2c6921a2511,38.91685,-77.017376,07122019-14:25:59
a671713a-c608-4d84-bb13-161c017ae806,38.904144,-77.03787,07122019-14:25:59
d954d51c-2ad1-4d49-beab-217e922ad057,38.920791,-77.077757,07122019-14:25:59
288f51f8-00fc-4ce6-b359-3fe368237568,38.90587,-77.067551,07122019-14:25:59
6bbff62c-947e-47aa-a591-4051ec365aad,38.902022,-77.038605,07122019-14:25:59
0f68c784-9d74-4d09-9c8d-a3cbf8814fed,38.946361,-77.020316,07122019-14:25:59
3830ec60-0b6a-4629-a342-d12793980246,38.881397,-76.995237,07122019-14:25:59
811b8e44-eb29-487f-928d-d3f4e161bad8,38.899798,-77.023975,07122019-14:25:59
02d15fe0-a50b-4135-bf25-988f8ab5084c,38.88595,-76.949079,07122019-14:25:59
aaf192bc-2ae4-4b4b-a615-26e022994cac,38.904426,-77.043525,07122019-14:25:59
922e8ec1-c59a-46f5-ac7e-2e7077aaaeeb,38.97147,-77.033996,07122019-14:25:59
450606ce-d947-4e70-9665-c7222637408d,38.936319,-77.038017,07122019-14:25:59
cea46e8a-ee19-4dc9-9b37-27244771bf2c,38.910488,-77.074554,07122019-14:25:59
b8b5c537-c0fb-4455-a0cc-4640df776829,38.892156,-77.026208,07122019-14:25:59
31ab8eab-7519-4492-b931-103a144cdba6,38.903776,-77.045175,07122019-14:25:59
f8911bf6-5920-42d4-95fa-d6ba00667308,38.905385,-77.005363,07122019-14:25:59
0e2deaa6-4f7f-4724-b6c7-0abdb3b8a502,38.899397,-77.026952,07122019-14:25:59
dd0d391e-78c1-4195-ba6d-bef006a0cfc5,38.913096,-77.014476,07122019-14:25:59
c9781adb-d947-4347-bf62-8573dbc377c1,38.878532,-77.015387,07122019-14:25:59
1cceb91f-9f28-4536-b285-b44a2a4785c0,38.924651,-77.053707,07122019-14:25:59
51a30f83-cfb7-4abc-a74d-25796dce9e72,38.902897,-77.037159,07122019-14:25:59
9f132f13-0796-4abf-8a65-ed1dbcb0f8cc,38.931409,-77.022305,07122019-14:25:59
1e818ce8-c9bf-4707-a9eb-e3c424cd5279,38.890368165484524,-77.02998192056737,07122019-14:25:59
60700d45-f09a-433d-b4b4-311b36420500,38.892287,-77.026113,07122019-14:25:59
18549c7b-5076-4eb3-8984-1f8baf351bdd,38.902572,-77.029803,07122019-14:25:59
bc794383-a6b5-4756-8e16-36d7d3fc565e,38.898057,-77.030533,07122019-14:25:59
3bad3aaf-6252-4b05-916d-9c241b0385b2,38.905947,-77.065159,07122019-14:25:59
ec7f3ab9-35cf-4eff-b55b-792a49589142,38.931102,-77.03094,07122019-14:25:59
15c50e35-fd59-408c-936c-9d11d68273e6,38.904941,-77.067601,07122019-14:25:59
30042d35-89ba-48fa-9aad-4931d0756692,38.911809,-77.059337,07122019-14:25:59
7a2e71f7-41ee-47a6-8ce3-28841a36ca8c,38.878427,-77.015373,07122019-14:25:59
03cdd05a-165a-439f-909a-2946ff9dbc38,38.901509,-77.054803,07122019-14:25:59
86ba6c5a-ef98-4979-8b73-a2acf9164936,38.876358,-76.996294,07122019-14:25:59
007927a1-67c3-41a7-a2e4-1bfae3ec8c01,38.899711,-77.026614,07122019-14:25:59
42149d43-061a-453a-8a85-6e92b9bebd13,38.919189,-77.028678,07122019-14:25:59
c3301b67-65ab-4cc0-84fd-7c25f09dabee,38.878379,-77.015435,07122019-14:25:59
59f86a8d-c341-4516-925a-0ca177e0a8fb,38.903425,-77.062092,07122019-14:25:59
7857718b-72a9-41ad-b7ce-49a5c8f6ec2c,38.90112,-77.022077,07122019-14:25:59
f957b7c6-4a56-4f41-ae6d-bb925d7c5514,38.920644,-77.043089,07122019-14:25:59
397eb56b-c45a-43ee-b9dc-e385aa6479ca,38.881213,-77.027546,07122019-14:25:59
cdd29473-4dcc-4aed-8b65-b6a54538a528,38.916591,-77.046796,07122019-14:25:59
20521fac-c173-4d83-9daf-2e788ea69422,38.905469,-77.027505,07122019-14:25:59
cb343825-8ce2-41ad-acfa-ca13075683e2,38.903052,-77.040026,07122019-14:25:59
bf24d97d-e2a2-4594-b14a-6a5dfdff9fed,38.897098,-77.011679,07122019-14:25:59
7c1528fa-dd5c-4634-9e25-d099dda68a86,38.903189,-77.033374,07122019-14:25:59
2df5bcd3-7372-4903-990e-77e1c1858762,38.914105,-77.011957,07122019-14:25:59
cbbddb7f-7a01-412b-9e56-48ef28234ae7,38.903772,-77.042342,07122019-14:25:59
0a8ba5b6-ee19-4563-b949-0367871fe463,38.898433,-77.029893,07122019-14:25:59
b4da0602-400b-4d56-a941-1d7f1c75c027,38.915612,-77.038356,07122019-14:25:59
9292db3e-47bb-423a-81f1-e55b843e705d,38.880994,-77.000642,07122019-14:25:59
6ed56a17-b75a-40d9-a926-c0c485a4785b,38.903803,-77.041739,07122019-14:25:59
c8701970-26be-4396-8eec-2ed74a0fc15e,38.908603,-77.032233,07122019-14:25:59
37f52fef-f5e6-435c-91c1-f5dd5ed140d8,38.910958,-77.035582,07122019-14:25:59
9ac7c2f7-8bca-4796-8a44-bc0c268bd95a,38.886847,-77.036173,07122019-14:25:59
e5357386-2d81-48d6-8055-dc96256b1625,38.902835,-77.04216,07122019-14:25:59
fbabcf29-1831-4b55-81ab-1bcc9193a5c2,38.885887,-76.948674,07122019-14:25:59
0539f719-c0a8-4ef7-9ba7-2cd2631a05da,38.892013,-77.023908,07122019-14:25:59
bc9aaccf-8521-4bbd-a072-c8368ccac878,38.898191,-77.046962,07122019-14:25:59
85c79cfb-ce78-4a82-8b8e-654cfeacbe7a,38.900287,-76.990029,07122019-14:25:59
ed18e386-9b9c-458a-bf15-432e39184f69,38.919062,-77.044737,07122019-14:25:59
35a653e5-1649-4d3c-b7f8-4a906a266c2a,38.924189,-77.029838,07122019-14:25:59
6383bc3f-77e5-4df4-9c44-22ff16873f45,38.904878,-77.068035,07122019-14:25:59
a94fa12f-f856-4dad-ad9d-050ee127d41a,38.897953,-77.022303,07122019-14:25:59
c0b3ba0b-6c85-4e8e-bee8-eb28212e352c,38.90298,-77.034976,07122019-14:25:59
5c872fc5-4942-472c-a08f-a86467cc13ba,38.875373,-77.008981,07122019-14:25:59
1a1b82f8-218e-4b4d-827e-bda6731fa321,38.907697,-77.042235,07122019-14:25:59
03e517b0-57ea-471a-949b-8aaa676737cf,38.883608,-77.017054,07122019-14:25:59
7e38816d-67a5-45a3-bf74-0be36fddc653,38.911305,-77.037642,07122019-14:25:59
3210f997-c32b-4adf-97bf-96c168c86afe,38.873712,-77.000893,07122019-14:25:59
ac0d0f75-9619-465f-88c4-87d7139cca96,38.907359,-77.007796,07122019-14:25:59
7d81c9dd-67f4-405f-be84-9a73d603f2d5,38.909793,-77.034683,07122019-14:25:59
5e6078b4-f36c-41a6-9ddc-6da6054ba927,38.896886,-77.026256,07122019-14:25:59
0eb74cc7-144e-422c-abdb-3019173c0c36,38.905598,-77.043338,07122019-14:25:59
2f460c8d-e130-438c-8d56-1fc5ea5e3275,38.894176,-77.021179,07122019-14:25:59
807cbf0f-bd6c-404f-b85d-5ddffa9d8d58,38.901664,-77.033616,07122019-14:25:59
4221f5fa-c50c-4c51-a841-5e6c24fd87e5,38.901437,-77.002965,07122019-14:25:59
15efe606-336f-494e-bfb6-926a43f176cd,38.896555,-77.00615,07122019-14:25:59
e257a8e6-5b23-41ac-9f48-e23e2db895af,38.904862,-77.067753,07122019-14:25:59
43d99fa1-9773-40bb-8b15-ac3913c0f003,38.895103,-77.018967,07122019-14:25:59
3bb92140-f95d-4ffb-b7aa-a52cd808a66b,38.89792,-77.027793,07122019-14:25:59
78188da0-e7e7-4d45-a720-a64f0fa5e9de,38.876664,-77.004656,07122019-14:25:59
c2712671-ad16-416c-be4e-5d268ea27697,38.938663,-77.065325,07122019-14:25:59
71f2c3b3-e0e0-435b-a1eb-0734225e71eb,38.920532,-77.042171,07122019-14:25:59
8be3f615-faf0-42b0-b26e-c248bb376c00,38.897189,-77.044818,07122019-14:25:59
f1f0356d-e221-43ca-8ee4-9094cda65b27,38.91017,-77.027878,07122019-14:25:59
2aeb1213-4b1d-43cb-9660-29a682c98a8e,38.902212,-77.060268,07122019-14:25:59
fcd85c32-d87a-4131-b90c-68ba5d874e9a,38.89852,-77.03915,07122019-14:25:59
ce28553f-fd63-48f5-9348-e52f8c07430d,38.89618923105154,-77.04425684377429,07122019-14:25:59
38ce16ff-38ca-49a3-93b8-2039afaca8c0,38.899946,-77.006841,07122019-14:25:59
caeb9101-3bac-485a-834c-93a689d0941a,38.945145,-77.029014,07122019-14:25:59
cb7d8e79-3261-43a9-921c-cf1a4771747e,38.902538,-77.030753,07122019-14:25:59
b44644da-ff5d-46ca-a17c-d4114b83acea,38.899971,-77.050572,07122019-14:25:59
9d2ed0ce-4f95-44db-b17f-749b95a2d516,38.901047,-77.03906,07122019-14:25:59
ad1802ca-1f11-4e62-90ba-f430b4b59208,38.902642,-77.038746,07122019-14:25:59
e1345eaa-1aef-4f96-bbd3-c77684c19988,38.905171,-77.059318,07122019-14:25:59
8d4fc863-1260-42f1-8dba-aa3935704e98,38.907225,-77.038412,07122019-14:25:59
7367a61e-3047-4306-9aad-66e0208acdb9,38.905512,-77.049026,07122019-14:25:59
fc0b65d0-3365-45ab-9766-f70b2157ef79,38.907309,-77.03232,07122019-14:25:59
df4ba309-eb46-4de9-b845-ba20749a1f20,38.902811,-77.033482,07122019-14:25:59
bf6218f2-51d5-45aa-bbc2-6f8196e3bee5,38.910875,-77.009247,07122019-14:25:59
a315d092-5f5d-4fa6-a53b-7a52c012db88,38.918643,-77.041561,07122019-14:25:59
187d1688-2158-4780-a275-6891d603cf06,38.903482,-77.040363,07122019-14:25:59
37a943bc-8965-4a3b-9660-324c05fd7601,38.908615,-76.996977,07122019-14:25:59
b2176605-12d2-4eab-afe4-a1591f1f3ea0,38.897299,-77.05486,07122019-14:25:59
5bad0ef9-cd15-43b2-b833-14eefa0977c2,38.902501,-77.038129,07122019-14:25:59
e760b04e-cc67-4779-be7f-b95cff1e01d0,38.91621,-77.041401,07122019-14:25:59
92164c2a-84d0-4840-8a13-6bd620aaa54a,38.90475,-76.996223,07122019-14:25:59
42317c52-a482-42d2-aa7e-9b69215e165f,38.878898,-77.024,07122019-14:25:59
cc676aae-7e2e-4c8a-9c22-2c124b95848f,38.881783,-77.009785,07122019-14:25:59
720691fa-0524-4956-9140-9437abd9d98b,38.892052,-77.026229,07122019-14:25:59
99dea0e8-ab6d-4d21-a48a-2be9fb7433f4,38.89703,-77.027393,07122019-14:25:59
3031864e-80a9-45fd-acca-1f4531ca7c0a,38.902932,-77.065039,07122019-14:25:59
f8c729f7-d9a8-458c-b65c-2a82e80c8010,38.903828,-77.040781,07122019-14:25:59
c64ab07d-923e-464c-b12b-3a871b4cabd5,38.898405,-77.026841,07122019-14:25:59
abbb8bb8-7857-42c7-a729-5740a5fe2cd5,38.9041,-77.04074,07122019-14:25:59
40627271-7625-4c40-8baf-512b6b33ba43,38.902639,-77.029968,07122019-14:25:59
bcb997ab-f8fb-4b14-b17d-13c83988851e,38.905096,-77.062706,07122019-14:25:59
85c1084f-82b7-48e8-8a58-631a2c415ed6,38.906559,-77.075733,07122019-14:25:59
650a7304-715a-4e06-81ce-b23a3bddb264,38.92241,-77.038966,07122019-14:25:59
21f5b5c9-10e1-4654-9b3d-381a03302b34,38.881318,-77.003542,07122019-14:25:59
952a396d-603f-4240-93ea-9f8d46bc9b28,38.913337,-77.042388,07122019-14:25:59
fdcaa852-02b1-4031-a456-3d92dca6464e,38.936263,-77.036495,07122019-14:25:59
8c7d17d8-ce0c-40e1-91c1-d6dd7f423e32,38.894339,-77.022187,07122019-14:25:59
63a4d6c2-afca-470b-9270-ee15847b1542,38.892043,-77.027906,07122019-14:25:59
fca087f9-21f6-470a-8129-a2e274ef4a43,38.90717,-77.038256,07122019-14:25:59
2ee9463e-0a91-4de7-8488-cd8c75ace04f,38.913355,-77.031354,07122019-14:25:59
bdc8a57d-fdc6-41c7-9a6e-6892d945a806,38.898347,-77.032807,07122019-14:25:59
c805ea3f-f45a-4d23-9834-554375997bbc,38.908368,-77.003139,07122019-14:25:59
c725bf13-ee82-42ba-ac9e-cc85d104ff96,38.904208,-77.030474,07122019-14:25:59
4a89b386-3eff-4d89-acbb-d971bc8baaa3,38.899866,-77.047728,07122019-14:25:59
11ddb1f2-8744-45ff-bd6f-cfa81656afe3,38.904768,-76.996227,07122019-14:25:59
ce824439-52d3-4437-a2fa-b717bf19e7ff,38.907924,-77.041488,07122019-14:25:59
6cc21f7a-b322-4335-89bc-01f72b4e1415,38.904963,-77.066432,07122019-14:25:59
e3e7b321-1f4c-4671-ae6d-0519f50b8a7d,38.878455,-77.015533,07122019-14:25:59
db64a7a3-8920-4ed2-ac8c-4ede1155ca53,38.878421,-77.015463,07122019-14:25:59
6dc01c3e-ad20-4b17-a980-f4ff229681c3,38.899336,-77.032231,07122019-14:25:59
1753c6f5-6447-46c7-afc1-cab8797127d9,38.907726,-77.041976,07122019-14:25:59
1db03a2a-ad97-48c2-a935-240abbf4ed9a,38.938854,-77.024821,07122019-14:25:59
e4fb4d19-c021-4e71-8aae-9fd4037e1623,38.847002,-77.004792,07122019-14:25:59
f1edc11f-3427-4a10-a75f-cbecefc4f511,38.8922428319903,-77.03028125439869,07122019-14:25:59
6eb059a7-434c-4ec7-b2a2-130e76d837cc,38.937575,-77.025238,07122019-14:25:59
2290abf6-f802-472a-8676-a532edf03386,38.902279,-77.044111,07122019-14:25:59
8b956d60-85eb-4774-af86-06b50f3eab37,38.875971,-77.007725,07122019-14:25:59
be05d9f1-710b-4911-ab55-26f4e26a2386,38.94189734015515,-77.03552001163087,07122019-14:25:59
5b86d7c0-6310-4c7e-9a30-10cce3ff0b9f,38.915525,-77.024661,07122019-14:25:59
0f8c6e7f-178b-41dc-a127-6f53f434984f,38.902541,-77.039838,07122019-14:25:59
dd3a68c9-961b-4f63-bafe-408df20807df,38.875582,-77.00772,07122019-14:25:59
8c6a3d9f-50b5-4910-80cc-21196adced17,38.878642,-77.017487,07122019-14:25:59
3c86c588-c1f2-4e44-b457-f217ceaef658,38.878414,-77.015385,07122019-14:25:59
64b58d71-fe8a-4ae8-8c8a-07fa4c35a1b9,38.895701,-77.023083,07122019-14:25:59
67803db2-d209-41f4-8a7d-3b1d4d20c870,38.90003,-77.03043,07122019-14:25:59
3f53c810-b98a-4624-bb0e-99bee12efa15,38.898293,-77.024019,07122019-14:25:59
064f8865-2a2c-4c32-8603-294f02ed6717,38.8922,-77.02829,07122019-14:25:59
676fa222-3049-4cbe-a712-487d33317032,38.892072,-77.026249,07122019-14:25:59
8ee165ea-ac55-4a1a-8d59-e3b9f3fe23ae,38.891191,-77.023153,07122019-14:25:59
d6f3f42e-dd2b-494d-92f0-2a8d53d091f0,38.929737,-77.031571,07122019-14:25:59
38dff5cb-e301-4163-8266-2b3886a5c4c4,38.876448,-77.004627,07122019-14:25:59
634e317f-92ae-4dfb-9c38-6e19cb310ae2,38.874607,-77.009334,07122019-14:25:59
fb580ca1-7f61-4885-aba6-b64eb9b2fdf0,38.907663,-77.069006,07122019-14:25:59
8ee5c70b-7a69-441f-b2af-d21573fd66ff,38.90526076261958,-77.04974872229444,07122019-14:25:59
1df5efc9-6872-442f-b1c5-6f9483989a77,38.921962,-77.031948,07122019-14:25:59
95fb3adc-26f6-48c9-bdc7-67c90d576a23,38.90773333333333,-77.025925,07122019-14:25:59
f587d460-bce5-45db-9198-4c11414bb801,38.910155,-77.027801,07122019-14:25:59
d6069015-5c7b-4098-8051-95819c9ac1e2,38.90285,-77.022582,07122019-14:25:59
3d376da5-8da9-45e9-82dc-0fc331f5f41d,38.876449,-77.005408,07122019-14:25:59
e37622ea-5d03-4875-b770-3caf26072625,38.903587,-77.03636,07122019-14:25:59
d865e201-4ff6-4cd6-a802-62a2c6537c02,38.923167,-77.042072,07122019-14:25:59
3a68c9d3-769e-4db4-91c8-9ecf2f4145a9,38.913219,-77.027691,07122019-14:25:59
9b3cd6fe-7503-4896-bfd8-c5ffc005b8ee,38.896485,-77.006152,07122019-14:25:59
25696305-1844-4826-90e6-30c8489ff46b,38.914013,-77.066865,07122019-14:25:59
41656e98-0d44-4920-8e89-e30556327b5b,38.889796,-77.039289,07122019-14:25:59
2c5f0709-7110-46b1-b1b6-b2e9861063c4,38.918193,-77.029673,07122019-14:25:59
82d89e13-01cb-4dc5-a1c1-b9f173b85fa4,38.932889,-77.029748,07122019-14:25:59
b2f3df43-2c53-4809-b3ca-9a05a88a5ecd,38.869461,-77.012553,07122019-14:25:59
e0fb864f-e1f7-4aa6-8a26-681f8f74e39c,38.905951,-77.028954,07122019-14:25:59
ad9b038e-ee6b-4a4f-a657-be735b4b7865,38.897157,-77.042802,07122019-14:25:59
5889bdc6-1454-4d98-a4ce-1b051d1dbb22,38.900068,-76.989536,07122019-14:25:59
24375702-d975-454e-83d6-8481a6400cf6,38.87413,-77.00116666666666,07122019-14:25:59
16d9611e-e256-46c3-9b48-e829393c5005,38.895872,-77.026428,07122019-14:25:59
303a71ae-a439-4479-ba59-e57a54f4019d,38.885931,-76.949121,07122019-14:25:59
3220c6a3-5603-4ee7-b725-4321caa393e1,38.900449,-77.036595,07122019-14:25:59
4d758c89-419a-4b83-8c51-8b5cb3d0665a,38.881433,-76.995028,07122019-14:25:59
34d6d7f8-65ef-426f-9ad2-6dea9e6b138a,38.895661,-77.050184,07122019-14:25:59
2b7a75c7-9f69-4fcc-989d-4f67cfd7f1d0,38.89702166666667,-77.02623,07122019-14:25:59
30e4afa9-2b63-4c28-945e-ed40842bd8ab,38.900821,-77.022677,07122019-14:25:59
61502394-0897-4fd6-9523-de448ebab6f8,38.93875,-77.086789,07122019-14:25:59
00f9f21e-b5b6-42b0-9cd9-7c29c801d43c,38.902027,-77.047716,07122019-14:25:59
b298070a-5734-4152-b9a8-f06f99417d37,38.871026,-77.007775,07122019-14:25:59
f7ec5888-6e5c-4d94-b673-a519048dafd3,38.896783,-77.02602,07122019-14:25:59
3ad5b2b3-5803-4a44-a6ec-2d607f34499a,38.878465,-77.015405,07122019-14:25:59
cba23731-f33c-4f62-8db5-5e6e9ecc2840,38.900135,-77.026613,07122019-14:25:59
dbdb4df1-59c5-4feb-96b0-1bc05772dadb,38.901292,-77.053819,07122019-14:25:59
a3abc527-e6be-4703-aa96-a51fa3ef4cc3,38.924046,-77.040651,07122019-14:25:59
76e22bd5-ff27-4d2a-b709-3ffea318a0c2,38.900997,-77.023647,07122019-14:25:59
f2981043-99de-49ea-87ae-5f133347361f,38.894868,-77.031671,07122019-14:25:59
da8cf355-74e2-43e9-bb82-63cca7f42c1c,38.89245,-77.032233,07122019-14:25:59
c7ea8719-0431-493c-9f98-dadecc613df1,38.899895,-77.012663,07122019-14:25:59
d032cac6-bfd1-4034-b40a-32c6ffbed2a9,38.900028,-77.04562,07122019-14:25:59
32f621cb-d0f8-4274-869c-740c10ebaf16,38.953109,-77.027558,07122019-14:25:59
e51b5731-611b-49fd-892a-56ccd52d4d8e,38.902767,-77.027879,07122019-14:25:59
69fd5622-eeda-4747-8352-98763df4cb0c,38.874581,-77.026614,07122019-14:25:59
a2d83904-8cf7-48f0-8755-fc9449db96ba,38.904051,-77.043613,07122019-14:25:59
cbe72419-1f66-4e32-97c3-c29dc5d35426,38.897215,-77.023833,07122019-14:25:59
c4016806-533e-498b-b723-b5bb44da4090,38.892305,-77.025895,07122019-14:25:59
97c34169-e7ae-4cfb-93cb-7835f1454214,38.898274,-77.027322,07122019-14:25:59
a10f1aaa-81cf-42d4-a197-85e8fa9b04f5,38.876566,-77.004721,07122019-14:25:59
5cf3b096-4ce6-4d35-9dd6-19ee8a32db08,38.896573,-77.023101,07122019-14:25:59
252932fe-2248-48a9-8896-9357d8feebb8,38.899795,-76.982503,07122019-14:25:59
0683c37c-1972-403c-944b-f84cb8336c0d,38.889931,-77.039268,07122019-14:25:59
7305caca-3b66-4866-8957-528902f255a3,38.889972,-76.98331,07122019-14:25:59
29955ef4-e22c-4d3a-ace8-6213dc6bb79f,38.941922,-77.028804,07122019-14:25:59
e3deeced-2f76-429c-89e7-650805f177f9,38.918121,-77.040364,07122019-14:25:59
8be320eb-6f56-494a-93a7-f3f722fbc427,38.878604,-77.038203,07122019-14:25:59
faa30613-4c93-41c0-9d7a-9f1b6bf1e940,38.89213,-77.025997,07122019-14:25:59
7ce90813-3253-4d4f-83ce-9e991ae1b18c,38.925033,-77.038837,07122019-14:25:59
0c590475-461a-4710-9f4f-7b8261521517,38.877527,-76.998747,07122019-14:25:59
7fe94208-e61b-4ec4-9865-963185244ed4,38.899847,-77.041608,07122019-14:25:59
3cc4bc84-f98f-43e3-89a1-ee5d75b3566d,38.912533333333336,-77.02222499999999,07122019-14:25:59
b851c9d1-e646-4977-a5c5-3c04deafedba,38.960205,-76.997013,07122019-14:25:59
a91ebd30-395a-42b4-b20b-ad2e6acb46a8,38.899129,-77.033411,07122019-14:25:59
44165a50-c945-417e-a75d-bd78812ea109,38.903572,-77.03432,07122019-14:25:59
66e7c822-d35e-4a42-9958-e233cf8d8db0,38.901055,-77.022746,07122019-14:25:59
222530d6-5d24-46cb-87a1-f2ad5824aab4,38.897479,-77.044212,07122019-14:25:59
d33d1eb3-5ae4-4270-86ea-b84cb42368eb,38.909399,-77.03454,07122019-14:25:59
bb5154db-9ddc-471d-aa6b-16d77de66309,38.903136,-77.039885,07122019-14:25:59
16013ea0-d23b-488b-8e0e-2d4dc3f846fb,38.888733,-77.013755,07122019-14:25:59
6381567d-d9e7-4ef5-bd43-000bdc60412a,38.876459,-77.004543,07122019-14:25:59
e1dee083-dd97-4dac-9c6e-5ad68bce6cff,38.894229,-77.044728,07122019-14:25:59
41b2ab1c-04fe-46d5-b860-857238f2665c,38.942943,-77.027684,07122019-14:25:59
6f8b2b94-c7dc-4207-9997-e2c4e9c139f2,38.90269,-77.025291,07122019-14:25:59
54b9e0f1-b212-42d3-9c6c-2cf52a524dea,38.90333,-77.038695,07122019-14:25:59
68ba7f18-ceae-4879-94dc-45c5e22242ef,38.874548,-77.026643,07122019-14:25:59
9584cc9a-296a-4218-a906-6a9a29743a8a,38.885999,-77.005678,07122019-14:25:59
4373c6be-a736-4b95-ba31-3a9e56ad489a,38.902851,-77.022695,07122019-14:25:59
435d0a1b-d8bf-4bc0-b8c7-4d92550df6aa,38.908555,-77.023157,07122019-14:25:59
4bf27e8e-26db-44ad-9961-ec82b46caf73,38.908748,-77.076417,07122019-14:25:59
14352ce4-fd1d-419e-ac9b-9af93ddddd05,38.894326,-77.044644,07122019-14:25:59
67d0eebf-2aec-4d40-a21b-8715f7b9226c,38.901248,-77.034808,07122019-14:25:59
58800b60-c346-46aa-8f01-c0c53e094dc3,38.9057,-77.06522333333334,07122019-14:25:59
00a58a4d-2404-457d-97bb-0dfa5ac5a8e0,38.877348,-77.00392,07122019-14:25:59
80fe5000-680f-42c2-a82f-f665dfe07a25,38.895073,-77.020153,07122019-14:25:59
7730ac4a-ed48-446f-9dc7-5485ee4db9d9,38.898464,-77.048831,07122019-14:25:59
3713e472-5584-4559-90e8-adadbe2c96fb,38.885285,-76.985825,07122019-14:25:59
f4faa5f7-b8d0-4383-ab2d-39ae818abaf3,38.902053333333335,-77.02356666666667,07122019-14:25:59
da5f0c73-29c5-4a79-a5ab-e347e075d1bb,38.915233,-77.074978,07122019-14:25:59
7679b1e4-ec46-4d0b-9b44-8153336e4f9c,38.892243,-77.029788,07122019-14:25:59
d06d0dd3-3bc7-473d-aa0b-973c784a8193,38.906482,-77.061154,07122019-14:25:59
f9cf81f1-60d5-4fcd-9991-32b0dcb90943,38.891695,-77.025841,07122019-14:25:59
b81a4357-ebcd-46cd-8a1d-2018c691d5a1,38.897451,-77.043044,07122019-14:25:59
286a745a-5852-4730-b0f3-5ddc7949a930,38.90579,-77.035828,07122019-14:25:59
51aad8cb-94b9-41e9-8c84-8e28ea6f1b2e,38.905931,-77.062802,07122019-14:25:59
feff5875-99a6-435a-bd86-bdbc8f4719c4,38.896424,-77.033083,07122019-14:25:59
a7be3f99-015a-4896-8ead-1eda317fdbc5,38.916423333333334,-77.04158000000001,07122019-14:25:59
7f6abd55-6433-4377-a14f-47af7b59ebc0,38.892727,-77.02402,07122019-14:25:59
d185cbf1-d76b-4df6-b70b-ca0b2849a1bf,38.972923,-77.065604,07122019-14:25:59
2a5d7914-9684-490f-a783-6ff45e8eccac,38.888998,-77.01179,07122019-14:25:59
3cd35cb1-bb54-4ef2-a542-5ade7525a5ca,38.895914,-77.011469,07122019-14:25:59
e608a2e2-b82c-4843-afd9-8620b7e646f5,38.903875,-77.039741,07122019-14:25:59
8d455d46-3e31-4fa6-9cba-11abefb40e40,38.900805,-77.022217,07122019-14:25:59
23e170ec-ae19-4cb2-bebf-c85c936b3f5e,38.89219666666667,-77.02614666666666,07122019-14:25:59
bf48c788-f7a7-4ed5-9eb9-d81155f13e52,38.894241,-77.010891,07122019-14:25:59
d2955414-2154-4eb5-82ed-048b328f0f95,38.892251,-77.026179,07122019-14:25:59
9ba74538-dfaf-44d5-b4b0-8a5e453902d7,38.912236,-77.03197,07122019-14:25:59
016e0ebf-525d-4d03-83e7-0d1c5cb829ee,38.902552,-77.041965,07122019-14:25:59
f4511f0f-1225-44d5-b2e3-fdb5003a444a,38.887731,-77.018573,07122019-14:25:59
14000ab6-e70a-49b8-b64b-da0539e6284f,38.901436,-77.043261,07122019-14:25:59
6d5326e5-b52b-4c4c-97a3-601f3e14be71,38.900312,-77.050639,07122019-14:25:59
55e89766-cc14-4344-a0d2-cc0c6b31a99f,38.914741,-77.031767,07122019-14:25:59
f81a5069-d116-4fc5-a0e4-28aaf601e311,38.89218833333334,-77.020905,07122019-14:25:59
e55ae0b4-2618-428a-be98-835063f129ee,38.90533,-77.050942,07122019-14:25:59
2a18e8d6-ccb0-4a13-a45a-6a192fd689d3,38.90133671731582,-77.03671326969936,07122019-14:25:59
a1a8b42a-d767-4adf-bd8e-f08e6ea86f4c,38.87653,-77.00592833333333,07122019-14:25:59
e66bcc5e-200a-46b8-af56-81016098d2af,38.920531,-76.995474,07122019-14:25:59
da9ceb2e-2fcd-4ad1-820e-33acec26f4f4,38.892155,-77.02615333333333,07122019-14:25:59
167986fd-db87-4e9b-a2b9-b25a5d46263b,38.904116,-77.034093,07122019-14:25:59
c6e59481-a126-406f-9a15-a18715295b4b,38.878892,-77.024592,07122019-14:25:59
36fc02c3-18fa-4676-8c41-dd517cef2a18,38.892192,-77.026132,07122019-14:25:59
4dd7d40a-ba8c-4f1e-8f8b-a03a55e87b20,38.886069,-76.948711,07122019-14:25:59
7af69193-a517-4ddf-913b-0643a93b213f,38.892235,-77.032274,07122019-14:25:59
77b7d83c-5e5f-4fe9-a2e8-68a3994be51c,38.905629,-77.027566,07122019-14:25:59
ef0efa1d-e5f8-41de-9bef-6a339cb8f083,38.904316,-77.066042,07122019-14:25:59
ab0f9ab2-8310-4567-aa65-9570ed80f584,38.899874,-77.04181,07122019-14:25:59
ad733a07-1cd4-4be1-a113-4a211ce0f182,38.8673875,-77.0122438,07122019-14:25:59
539d2ef2-37f2-49cf-964a-fbd090153fab,38.873558,-77.000749,07122019-14:25:59
c00a9680-894b-4a12-ba62-3d6049381be5,38.91857,-77.02255,07122019-14:25:59
e75863cd-4a9c-4b2d-8588-3ce6c885e2cf,38.907142,-77.037613,07122019-14:25:59
0a1f05e2-45c1-4479-8edc-f67631b2ce0d,38.924185,-77.044732,07122019-14:25:59
8e8224a4-d787-4742-b5db-1ed3a3a7a3bb,38.924775,-77.039374,07122019-14:25:59
823d7972-d4ee-4119-a587-1ce1139dada6,38.872612,-76.972793,07122019-14:25:59
ddc084c4-c59d-44b9-958b-fc956a1b02ea,38.905764,-77.037497,07122019-14:25:59
d6eeb729-31c6-46c6-bf15-c1f41cf02550,38.910372,-77.021835,07122019-14:25:59
2979fa41-1e03-4945-ac5b-f285b42890f9,38.89958166666667,-77.04728666666666,07122019-14:25:59
1a3769df-8628-4f7f-8d98-a45e6bcd8f6b,38.922675,-77.042136,07122019-14:25:59
b1e05c44-b0a1-4b4e-bfe7-d44e55b65cfe,38.91112,-77.004696,07122019-14:25:59
89d180fb-ca5f-4ee4-a775-6a9275e978df,38.897703,-77.011929,07122019-14:25:59
8cbddd00-969a-420a-be67-8b9cde704d31,38.873814,-77.000683,07122019-14:25:59
8eddf8e4-7d3d-46a4-a8ae-a4053d5cdc72,38.90387,-77.04132,07122019-14:25:59
4526c29c-7f01-4f6d-9114-f888f3cc2a47,38.891555,-77.02349,07122019-14:25:59
ed1003fd-2fd2-484e-9042-c6ae730aac04,38.899662,-77.028156,07122019-14:25:59
18b6f0d1-31cd-41ad-95ab-f0a99cc71f9d,38.900274,-76.9896,07122019-14:25:59
123d83ab-72c7-4c62-97a3-b5d347b9c83a,38.89251309634503,-77.043640123016,07122019-14:25:59
95928caf-77b2-4edf-a715-26ebed67a244,38.903686,-77.033236,07122019-14:25:59
77612a0c-4152-4747-be59-8a0a1a2c3422,38.884523,-77.024375,07122019-14:25:59
a37d5dfd-0644-4d54-851c-bb5e07d2537c,38.88968666666666,-76.978195,07122019-14:25:59
c0251d6c-f72c-4e86-97ae-1a57ba9ecf8e,38.911072,-77.077085,07122019-14:25:59
c3d2cfaf-8581-412a-a6fc-372619eea645,38.88355,-77.018175,07122019-14:25:59
8d02d7aa-b679-4e51-995b-5de1e5e2c913,38.902334,-77.027833,07122019-14:25:59
eee5896d-6b23-4ed4-b0ce-6c8521e635df,38.912568,-77.044894,07122019-14:25:59
4a32ad4b-dc19-4543-8be9-73429760b73d,38.899789,-77.019869,07122019-14:25:59
27bf6f48-5535-43e6-823c-ee17b77f535e,38.87824,-77.015872,07122019-14:25:59
326feefa-4754-4d2a-8d1b-2af1a5287feb,38.916309,-77.045034,07122019-14:25:59
bb7c97bb-97c9-445b-a30b-2921969866b2,38.905685,-77.008835,07122019-14:25:59
bf69c3e6-8fb7-4afc-b8fd-77fd3bb345e2,38.892343,-77.025834,07122019-14:25:59
9d9ecb91-3232-40fd-a58a-cc6ede230bcf,38.909999,-77.033847,07122019-14:25:59
02277442-bb34-4f04-ae2b-482a5f734589,38.892339,-77.031801,07122019-14:25:59
a01956d5-69e8-4865-9589-e17e745b909d,38.878485,-77.015384,07122019-14:25:59
ae40fed2-be1a-49e8-a466-e314ba6cb4e6,38.913977,-77.066989,07122019-14:25:59
227783bc-0274-43f6-a0f3-33dcec565407,38.930238,-77.012914,07122019-14:25:59
52ec3a03-c5ea-4128-94a1-52e4827259ac,38.902608,-77.043208,07122019-14:25:59
f8f5462e-c9ba-439b-a7e8-a0a2e2fc9946,38.89532166666667,-77.02750333333333,07122019-14:25:59
2a339f02-fbb6-475c-a26b-65f7de0b4e1b,38.908633,-77.041504,07122019-14:25:59
e5cffb8b-93a6-43ce-a95d-b94ce519c6c1,38.902343333333334,-77.03467500000001,07122019-14:25:59
eaff08ad-02bf-494e-b726-bc3ed13365e8,38.931366,-77.057293,07122019-14:25:59
c45e66a6-2553-40ac-8a2a-2ab66ab6d251,38.888069,-76.936296,07122019-14:25:59
df1bff14-e67e-4c36-a72b-f17adaa1a7c6,38.89386584985898,-77.0315843728157,07122019-14:25:59
03b540a8-cfed-4616-b160-f4b8fbfcd697,38.89634,-77.02142333333333,07122019-14:25:59
14b9332c-c605-44d0-b077-3f98d49ea95e,38.90100209762396,-77.02223096851846,07122019-14:25:59
829eabd6-6e41-4497-b448-39fa908c920b,38.937388,-77.019154,07122019-14:25:59
499bafd9-28f5-4740-9cdf-09923291ab2e,38.921596,-77.072533,07122019-14:25:59
bc7a2a74-d8f0-467b-afaf-d0d0c72e237d,38.915138,-77.026458,07122019-14:25:59
6f2ca874-3943-440e-b790-8bd502576961,38.88104833959637,-77.02755722966484,07122019-14:25:59
111fb127-af13-4ffe-b503-3437d5c1e608,38.905464,-77.024052,07122019-14:25:59
d9a7d800-3546-4702-8a96-71a7698d738b,38.892079,-77.031944,07122019-14:25:59
9e342336-1db9-4017-a8ac-cc09b403ca20,38.899733,-77.029521,07122019-14:25:59
d146e40d-76f1-4c95-9102-b57aca09adca,38.896916,-77.006633,07122019-14:25:59
1bb6a039-95da-4777-9e8b-4b3ccac67429,38.89121166666666,-76.99486499999999,07122019-14:25:59
fd2b1001-0e07-4f3d-9e93-ea7fd4e7133a,38.908919,-77.044724,07122019-14:25:59
1ce6cc30-d20e-41d8-b2b5-8a0967ad6e69,38.87847,-77.015432,07122019-14:25:59
c509b0e2-89e1-4364-b1d5-6318f50f7039,38.892194,-77.026153,07122019-14:25:59
6fd3ee8a-5c15-4284-9912-c6b20ed77e26,38.905882,-77.036202,07122019-14:25:59
c6bd708e-3cf3-4b35-a825-7cba1c4b1aee,38.904488,-77.061181,07122019-14:25:59
efb71aba-ca62-496b-ab28-547e60e9b579,38.904554,-77.043741,07122019-14:25:59
bba1b799-38b3-49f1-bce1-fd2ffbe00ebf,38.940943,-77.025073,07122019-14:25:59
8f7f3544-8238-4907-8dba-72eac13dcd91,38.892138,-77.026193,07122019-14:25:59
4e380a52-3efd-4e71-acd1-39d4a8a65080,38.905724,-77.035227,07122019-14:25:59
05de9d1b-3e10-4eb6-8bf6-fd5c4fbaab77,38.892068,-77.026094,07122019-14:25:59
6a644285-f676-4a76-a67a-e364cbbe3807,38.919054,-77.033417,07122019-14:25:59
d63dd798-bc6e-4688-8021-fe6db205e072,38.912172,-77.016117,07122019-14:25:59
abe82411-2df5-4696-874d-af6226a2cf21,38.89714,-77.03360666666667,07122019-14:25:59
9efc05a8-5108-4330-babf-cdbcd95e3496,38.923396,-77.033965,07122019-14:25:59
0bc1a6ae-f1bb-400d-9cc8-445d01a63281,38.903265,-77.038844,07122019-14:25:59
c2a59735-2560-440b-95ab-e9335838045a,38.899711,-77.023305,07122019-14:25:59
5c5e8307-a35d-42e2-a16f-37266f24acaf,38.898208,-77.022068,07122019-14:25:59
b0504a08-9787-427a-805a-d960a7a39b96,38.904124,-76.990837,07122019-14:25:59
06f06021-9b65-4536-9a0b-38fa449f963d,38.911183,-77.05838,07122019-14:25:59
6ad9697e-1378-40a8-8253-e2d20b870e1f,38.900916,-77.018403,07122019-14:25:59
cfca9306-843d-4458-ab1d-f3c08eeeb60b,38.881638,-77.009377,07122019-14:25:59
a702a7df-d1c5-4052-8e40-ca919e431c5a,38.876101,-77.01615,07122019-14:25:59
922540b3-716d-4dfe-af86-355d813938e2,38.876177,-77.007894,07122019-14:25:59
596fa49e-39c1-4de9-8780-38a11cf0aa76,38.896739,-77.016113,07122019-14:25:59
ab38cc77-861d-40e7-9009-b7ff67afd7b5,38.892286,-77.035257,07122019-14:25:59
8844b551-91e4-49fe-bb0f-07c7c4968b3c,38.901309,-77.042334,07122019-14:25:59
f5b6a533-0889-4678-97dd-9b6ef3251977,38.917646,-77.026087,07122019-14:25:59
47526b8a-c1eb-4930-9a1f-762abbf1cd44,38.886526,-77.00102,07122019-14:25:59
356b5de1-984b-418a-a05f-7b133bedb26c,38.900972,-77.021789,07122019-14:25:59
2fb1a7e7-5ade-4aeb-bf60-d77c739fb201,38.8969,-77.00668,07122019-14:25:59
3076dcda-6762-4dd7-8bff-66f3251ec021,38.900663,-77.02925,07122019-14:25:59
1b8a46a8-85b4-4f2c-a8ad-65c2eed86e2b,38.876403,-76.993507,07122019-14:25:59
78f327f2-28cf-4536-ae9e-63a2b233439a,38.90964652087437,-77.04676910068318,07122019-14:25:59
73f747cc-86a7-4e78-9508-433dfa7c0e9e,38.902331,-77.046407,07122019-14:25:59
1cfd91f6-d4ae-41df-bf54-bb48c7b35d60,38.909355,-77.056933,07122019-14:25:59
09517a72-e22d-4ff7-b3f0-c88987173f5d,38.92382833333333,-77.03158499999999,07122019-14:25:59
25a62158-94f6-4146-8096-0987c8219a58,38.894207,-77.017673,07122019-14:25:59
d865aceb-fe80-40f2-9dae-3dd710aac036,38.897338,-77.055123,07122019-14:25:59
bf28915b-eed8-41d4-ada1-d31107a6efd6,38.908054612463985,-77.04508694437284,07122019-14:25:59
8b57ed40-1478-4530-b2b7-4d4403d8b233,38.887942,-77.019573,07122019-14:25:59
44f1edb2-5e1b-4258-98e2-64829668452d,38.901034,-77.031343,07122019-14:25:59
8306b979-af57-4627-8afc-89e6e3ecba12,38.900689,-77.02719,07122019-14:25:59
d83d6c33-750f-4b0a-adaa-7b483a54fe3e,38.898367,-77.028735,07122019-14:25:59
190a2825-7241-4563-9a1a-6c26f063a1e8,38.905241,-77.067107,07122019-14:25:59
7653f458-ef03-4cdd-90ed-55d3c9b84dd5,38.938718,-77.032242,07122019-14:25:59
290bc6c5-26f3-4a3e-a368-48ac27b5fab2,38.929503,-77.017888,07122019-14:25:59
02013e77-cd93-46ba-99b6-41b99b3d6ed8,38.910606,-77.032123,07122019-14:25:59
94480cd9-0136-485e-b53f-53bf5b8cae56,38.904389,-77.065049,07122019-14:25:59
cc24efe4-7a8e-4e8c-9a13-2856b21ca67e,38.902409,-77.051157,07122019-14:25:59
037f68a5-d9ee-455c-99a6-6687e8ee44a2,38.916222,-77.048631,07122019-14:25:59
9b9d863b-e232-4703-a7e7-7b45bf03d8db,38.875994999999996,-77.00753833333333,07122019-14:25:59
134fe970-823c-4307-a4c7-d56ee85a7b0f,38.928845,-77.02635166666667,07122019-14:25:59
36e2d31d-16ec-4a10-8f29-a7fecd0ffe65,38.936864,-77.032841,07122019-14:25:59
2dc66d9f-d8bc-461f-9777-96bdcd7ea05a,38.891579,-77.0339993,07122019-14:25:59
5e080285-3a37-4727-bbad-d5eb963474cd,38.881355,-76.99520166666666,07122019-14:25:59
fa63cfda-1cd5-4b3a-bb77-b8dc7b9d36e0,38.886274,-76.954556,07122019-14:25:59
1fe213f3-aa27-4be0-b323-b57d16283fb5,38.878464,-77.015406,07122019-14:25:59
25fd3230-0df3-4437-a589-b23b04afe714,38.884836,-77.034622,07122019-14:25:59
7bb0c98c-f2ca-4bac-9cd7-5e7efd113f76,38.902884,-77.033006,07122019-14:25:59
f9c2da3c-f109-4e75-907d-e9c80d158b2d,38.900932,-77.015973,07122019-14:25:59
f7754f1c-03b8-4818-b781-caa6e69feb1a,38.904967,-77.065957,07122019-14:25:59
931f7e49-9907-4862-9abc-c52f50d7de8f,38.89221,-77.027865,07122019-14:25:59
43e1ad56-662a-4314-8d8a-c3dd54630f8d,38.87384,-77.00074833333333,07122019-14:25:59
df58526c-958e-46f9-9551-202cbab92703,38.89671666666666,-77.01181,07122019-14:25:59
6e0629c7-497f-4920-bb8e-6a3b6dc3d86e,38.880879,-77.027524,07122019-14:25:59
5ca5fb96-1600-4132-93a4-b3ba12cae16b,38.91076,-77.042652,07122019-14:25:59
7d33da56-a0b9-446d-b14f-9f4015517b12,38.87748953064126,-77.00360715873289,07122019-14:25:59
b88aa042-52c8-405b-8cf2-a0e3360d00ea,38.91002,-77.004479,07122019-14:25:59
510d58a4-a438-4067-b51d-d730dd94407e,38.8910294,-77.0154044,07122019-14:25:59
2ef3bed3-da3d-48c5-b3f7-d01ad00bfec4,38.88316333333333,-77.000275,07122019-14:25:59
0606e34c-c37f-411c-a168-ca2e2d26afb7,38.901968,-77.015341,07122019-14:25:59
c2600f33-af4d-4ec0-b3bf-377012c50fa9,38.905607,-77.035239,07122019-14:25:59
b4a86cbc-cca3-44eb-be16-bcf3d352e6f5,38.89512,-77.029476,07122019-14:25:59
1dd64498-f81d-4b94-8cde-47fe78e01d34,38.931715,-77.020173,07122019-14:25:59
ad2c4a3f-d5ef-4cec-b6fb-51d1de3274ca,38.917041351123636,-77.02617645270846,07122019-14:25:59
c21d9fab-fd83-4f6d-af14-fef860c79046,38.891989,-77.029843,07122019-14:25:59
fd23af38-6eff-4fd4-bf60-754ca86f5b0e,38.889921,-76.984856,07122019-14:25:59
d9e029e1-8ed0-4722-a37c-a5d7fcc9a4f2,38.907004,-77.037275,07122019-14:25:59
bfaece44-cf22-4041-ad77-1ed08efebc52,38.91498154032874,-77.03977449804269,07122019-14:25:59
ea73614e-2d6f-43c6-a618-ed4d20206b31,38.920121,-77.04536,07122019-14:25:59
646649cd-9ece-4961-8753-352c36a665c1,38.913171,-77.014478,07122019-14:25:59
24867a2f-dbd5-46a8-b65b-693e03e4f36a,38.91908,-77.030509,07122019-14:25:59
f577b407-f11c-4adc-8ca2-24554bcdd0f5,38.894958,-77.026419,07122019-14:25:59
f6c052da-d840-40ed-bc7a-ae0291e2f945,38.89220815498239,-77.03397926521463,07122019-14:25:59
ddd583c1-123e-4049-a6e5-b149dfc016eb,38.896264,-77.028555,07122019-14:25:59
4f6e7841-39ec-4b0d-979e-7eb0481b7613,38.870769,-77.013842,07122019-14:25:59
5447b705-7875-444b-8eac-c25dc288aa47,38.903758,-77.04205,07122019-14:25:59
75eeabbd-5a7c-4ee4-bd14-8930381d9fc1,38.902285,-77.047333,07122019-14:25:59
5fc1d95c-af64-4708-92c6-fdb797b52be8,38.899716,-77.026566,07122019-14:25:59
15ab2f0c-93ce-4ccd-b04d-9f23c233e158,38.897989,-77.045144,07122019-14:25:59
606a287c-c39f-46c4-8f90-7133fabf141d,38.878624,-77.017507,07122019-14:25:59
b1005add-a26d-4897-a3b4-cc8b0dc56980,38.89220815498239,-77.03397926521463,07122019-14:25:59
8722951d-56f5-4e33-a6c2-76433e91fd3d,38.89220669074238,-77.03026986174605,07122019-14:25:59
44d7fb88-ba09-4f6a-94d1-c0b12d1ac639,38.899276,-77.041835,07122019-14:25:59
7ad84583-7caf-4079-869e-08fe6749e1a3,38.903818,-77.04255,07122019-14:25:59
9f3277ba-4120-45d6-901b-52e572bc24c5,38.901858,-77.036554,07122019-14:25:59
b2a2d31c-538e-48c0-95ac-2441cf8333db,38.902593,-77.007858,07122019-14:25:59
6767a1d7-0353-4900-b732-6a3437a66287,38.939957,-77.032869,07122019-14:25:59
447ea964-4c0e-43f4-814c-9856ccbb4780,38.908606,-77.024954,07122019-14:25:59
63bf7eec-2b54-4c86-b7af-ec87f55fb67e,38.913219,-77.014509,07122019-14:25:59
eee895c5-ddbd-4f13-baa0-78ef08b54e32,38.885938,-76.948527,07122019-14:25:59
9a7222cb-c4de-4c8b-b8a6-afcb4fbfb653,38.915479,-77.022408,07122019-14:25:59
8b3632b1-7f9e-42bb-8158-b4477b0d7143,38.891507,-77.001959,07122019-14:25:59
982a6333-cd40-47d8-b2ed-3aaecc751e49,38.88901,-77.019543,07122019-14:25:59
d975e903-b939-4745-8535-4863d3f691a6,38.90092772089854,-77.02381349320459,07122019-14:25:59
5ab4d684-e7b0-4d56-8e95-8bc7102b52be,38.879558,-77.025336,07122019-14:25:59
1e7941f3-77fd-45cf-93a6-b4bc247159b3,38.896632,-77.006165,07122019-14:25:59
bbdfd04c-a71c-4533-801e-19f9b2997d8d,38.898356,-77.048328,07122019-14:25:59
f027b5fc-251e-4322-8529-eaa447ea01a1,38.907577,-77.035561,07122019-14:25:59
c4a5a6ae-4b4d-49cb-916c-ab03cbf463b0,38.89202,-77.023784,07122019-14:25:59
c4f32ed1-492c-4a13-a021-24fa67e8cc69,38.897292,-77.007991,07122019-14:25:59
f7eea916-fdc2-4b01-b063-faeb48a9e3e8,38.902787,-77.027737,07122019-14:25:59
9eb2b24c-9c81-4627-a300-49da6a87713c,38.903664,-77.043542,07122019-14:25:59
27053573-5bfc-4907-a751-55ef78b0fabe,38.903202,-77.061934,07122019-14:25:59
309cd9fd-2aa7-449e-a115-2f24e5f2cac1,38.893004,-77.012122,07122019-14:25:59
03ef8eaa-473c-4b4d-8360-a4605ba92b52,38.908059,-77.039191,07122019-14:25:59
b2df7970-37c8-45a1-97b9-37450a9df394,38.900918,-77.022134,07122019-14:25:59
d7a0916e-8ac1-4f48-aadd-ec8506ff53be,38.900956,-77.033934,07122019-14:25:59
195f9776-29c9-4d49-a844-f0384380f649,38.898307,-77.048372,07122019-14:25:59
3f0f7901-33b5-42bb-b890-0dd103fc113a,38.913049,-77.014496,07122019-14:25:59
89ee538d-9b01-4702-8413-aa221fa2b0c0,38.903829,-77.038214,07122019-14:25:59
8018327c-5541-43b4-8e8c-4b78c17877ad,38.896564,-77.033612,07122019-14:25:59
0dfb208d-800c-4727-add2-7a12c089be01,38.88768,-77.019815,07122019-14:25:59
4a7c8309-317f-4351-96b3-d9cc53e88d23,38.900528,-77.032042,07122019-14:25:59
027740d5-8a5a-4cc5-8bbf-a5cbb94a2a96,38.897818,-77.0305,07122019-14:25:59
194870e4-a7df-4d40-8fce-26f57aef7781,38.945484,-77.020613,07122019-14:25:59
a5c261cb-b780-42ec-9e3d-a7ce44f8639f,38.877132,-77.018562,07122019-14:25:59
e952517e-0b57-42d2-9c26-723d596aea4c,38.895509,-77.01892,07122019-14:25:59
02af93fe-2d2b-4a2b-8e92-24067c4b9726,38.90963,-77.037067,07122019-14:25:59
cff0bbdc-6ffb-404a-aa11-f0c1a5cb442a,38.900232,-77.031644,07122019-14:25:59
375196dd-8856-4baa-a3b2-3be955777c96,38.876169,-77.007972,07122019-14:25:59
48a36ce5-213e-4621-9ce9-a42831d696c3,38.890251,-77.026243,07122019-14:25:59
708a6fd6-4c14-4909-b784-0509a44e036e,38.893257,-77.025773,07122019-14:25:59
16cf0edb-980b-4636-a72b-22333eb4ba0c,38.89038166666667,-77.02591000000001,07122019-14:25:59
37acd1df-49f9-4ec1-923d-e8a89d4929cf,38.887719,-76.977462,07122019-14:25:59
fc9dd332-fd1a-43b9-8ab2-aff6d54029a4,38.90024166666667,-77.04347166666666,07122019-14:25:59
eff12b90-096e-4390-b158-33ea6f944407,38.89221189242573,-77.03397166740889,07122019-14:25:59
a9991b73-fd97-4ad3-97dc-dece5954df5d,38.898204,-77.047757,07122019-14:25:59
a4a2b970-a557-4064-8d6a-4182052b1e2d,38.91934166666667,-76.99957333333333,07122019-14:25:59
53d0230a-2da9-4c94-955d-207aaa5722a8,38.904385,-77.053302,07122019-14:25:59
76b8798f-5adf-4dff-9f26-c27623df6e20,38.877312,-77.004801,07122019-14:25:59
da331209-69c7-4be2-b359-06f19da8f13e,38.927319,-77.056406,07122019-14:25:59
9a95be1e-64fa-433f-aef8-f28e029b737d,38.906445,-77.014537,07122019-14:25:59
eb2325c1-f711-4ea6-be44-400ea79de3ff,38.92251,-77.075581,07122019-14:25:59
34bb9772-1d66-4373-b536-ac9c00923417,38.902756,-77.018103,07122019-14:25:59
5cabd06b-203c-452b-82ba-61f2f770dac5,38.92158,-77.042251,07122019-14:25:59
b8fba2eb-aa69-429e-8ab5-614a5918bd6d,38.908308,-77.036847,07122019-14:25:59
4771fabe-c5fb-41e6-a77d-c8952977d360,38.90250564135352,-77.04451683707529,07122019-14:25:59
89e40534-1dea-44c3-aed6-392f0c1ffec3,38.88597166666667,-76.995475,07122019-14:25:59
fa429db6-6b89-4757-ac23-9822eb720e6d,38.899641918165976,-77.01987270797879,07122019-14:25:59
da5162f2-e938-4c27-9b31-2c9f220f1816,38.878066,-77.023896,07122019-14:25:59
5c6d1a77-7382-4f41-838e-e0ba91d380df,38.892295,-77.032062,07122019-14:25:59
33e0ac5c-2228-4e99-a8e1-788e88297e43,38.90119,-77.060373,07122019-14:25:59
ea232e02-3d4f-4579-aa4c-56e0fa963f28,38.88592,-76.949109,07122019-14:25:59
0d6d5e92-6890-412f-97c8-d7458efb3a2e,38.91593,-76.983936,07122019-14:25:59
d1539899-04e9-48c1-b79f-44b168dc3b51,38.911047,-77.004707,07122019-14:25:59
de535966-e2c3-4183-b591-433f5c88394f,38.919171,-77.028737,07122019-14:25:59
6e5825c3-c926-44e8-a53b-edb28bf0627b,38.886056,-76.948837,07122019-14:25:59
58e56cf1-50a2-49cd-b654-62da43aa82da,38.89691032472895,-77.03963594518326,07122019-14:25:59
a8d03bd1-3d32-4610-a1c7-5cf918375f37,38.918926,-77.038286,07122019-14:25:59
0aa2c490-90da-42aa-bc66-12b425fd2141,38.89219666666667,-77.0261,07122019-14:25:59
dc1cbf46-5de9-45df-b3e8-6e3c518a5762,38.885979,-77.028367,07122019-14:25:59
729f1764-f055-494a-ba4d-e4f7221af3a4,38.892354,-77.032137,07122019-14:25:59
8ab02c81-cf32-4503-948f-cac0b70e0764,38.919123,-77.03491,07122019-14:25:59
972e66e7-fd00-42ad-8e0d-393f46589d0d,38.913118,-77.014491,07122019-14:25:59
e378d121-e97a-4cea-bed0-f9710347eb24,38.919658,-77.042721,07122019-14:25:59
e791db89-297f-45ed-af81-39b73eb4390f,38.916805,-77.03659833333333,07122019-14:25:59
db6caeba-2e21-44c1-9f46-10f2798376f5,38.926255,-77.062092,07122019-14:25:59
332a4c7d-791b-4bb8-b1e3-ae417f75eb5e,38.910845,-77.077195,07122019-14:25:59
465a46d6-be2d-44d3-801b-ec0d6df60083,38.901026216371825,-77.02386782511792,07122019-14:25:59
eb8dcb7c-18bc-4ab0-9b56-e97487d6c796,38.90128,-77.045164,07122019-14:25:59
b8730585-6a64-4892-9ebb-998f7e45a8c0,38.904913985203954,-77.06153848502682,07122019-14:25:59
57f52a96-6bd8-4790-b50a-754f91a655dc,38.897118659997965,-77.00850568041109,07122019-14:25:59
e72769a4-b15a-41fc-84d0-c6e20e4e2b6a,38.881828,-77.026462,07122019-14:25:59
77afb17f-6361-4cc3-b463-d98b75656d92,38.89907,-77.024228,07122019-14:25:59
76d7a7b7-b239-485d-93d3-e37f08c8a3a4,38.909857,-77.032231,07122019-14:25:59
d782828f-a920-4d1f-b6b2-2bdcc64202da,38.9112592026381,-77.04347954755585,07122019-14:25:59
42a36170-e676-4be7-81b3-36774db641d7,38.917100946455186,-77.05511857762659,07122019-14:25:59
d767c2cb-8f75-45a8-97eb-7d6d284b3ec1,38.895543,-77.0269,07122019-14:25:59
30426afe-3ccf-4def-8665-58eb544721ac,38.902873,-77.0649,07122019-14:25:59
a96aab0a-b481-49e2-8cce-a5142cdbcaa7,38.892197,-77.026171,07122019-14:25:59
821780de-c11d-4413-8d4d-2efcf25dee38,38.878444,-77.017632,07122019-14:25:59
787ace55-2376-4774-8e6c-dd3246fb5f4d,38.89250756485199,-77.019382720255,07122019-14:25:59
91a711de-71ef-470d-8f57-339efdc8cdbe,38.900223,-77.041909,07122019-14:25:59
837de308-8dec-4ae5-9fe4-0da702137dcd,38.901902,-77.041878,07122019-14:25:59
dfe28996-5aa0-49c4-a10b-0dd2bb95ec30,38.902278,-77.023486,07122019-14:25:59
bb032ce3-eb8e-4754-8437-04ad6a20a918,38.89231079318124,-77.03026208180752,07122019-14:25:59
a560ddd9-b344-41ba-8fa0-e3cefcbd13d1,38.89495612591402,-77.01044244698902,07122019-14:25:59
5f6e0611-34b0-4508-b9b5-11bd1e002521,38.900609,-77.028442,07122019-14:25:59
3f174214-fd5b-406d-a1f6-60effb925875,38.903935,-77.043585,07122019-14:25:59
3de8dc24-ab8c-4b9e-8a72-beca7d2d0d78,38.902965,-77.041578,07122019-14:25:59
38ec2720-d8f5-44c3-9959-89be45fe937d,38.894687,-77.020651,07122019-14:25:59
f3eafde7-57db-4dff-a23e-f8debd1dcf0e,38.91273833333333,-77.03857500000001,07122019-14:25:59
71e85fd1-410d-4175-a747-7fa801bba2c6,38.896206,-77.019919,07122019-14:25:59
5da2c8e3-b910-453d-a3b6-cef21b534576,38.912549,-77.035096,07122019-14:25:59
2232454b-dcd7-419e-b830-6c8a672c9f29,38.89220833333333,-77.02610833333333,07122019-14:25:59
96963ff8-adf1-47f5-9674-55ab039f3cd2,38.897316,-77.054824,07122019-14:25:59
7aadcd0d-cb65-41d7-be10-251038348d84,38.917299,-77.041817,07122019-14:25:59
8ecfc35d-b752-419d-bfea-403ec118d8b3,38.912321,-77.045176,07122019-14:25:59
8b462fdf-897d-4865-b902-316267e499e8,38.927855,-76.997764,07122019-14:25:59
17cc759e-7d13-4f7a-8b65-c88913a39924,38.903672,-77.031918,07122019-14:25:59
a64655f3-982d-4919-abc4-5d986cdbda2a,38.907798,-77.067746,07122019-14:25:59
4da6a255-382f-4bbf-a204-fd751202b152,38.892113,-77.026169,07122019-14:25:59
d647c716-18cd-493b-80dc-aab2ad07f1e9,38.900381,-76.992755,07122019-14:25:59
67bfcee6-91cb-4928-8d18-db32452c180f,38.919053,-77.021379,07122019-14:25:59
a15c078a-17ba-4958-a0ea-6591a1e35b35,38.878632,-77.024237,07122019-14:25:59
5520ddc4-2272-4b1b-ac08-2ab6f5872801,38.896309,-77.032174,07122019-14:25:59
f0b9545d-567a-4385-a75b-8073e692aefb,38.915786,-77.044328,07122019-14:25:59
4877c65e-99bb-4576-a6d8-e5e2718a4188,38.902609,-77.038608,07122019-14:25:59
ac4e0fc6-05a6-45ef-8492-b46dda45e64c,38.874426,-77.005771,07122019-14:25:59
58b2f628-20f7-4421-a85c-3c41e3c2d944,38.914007,-77.04605,07122019-14:25:59
07d16d7f-3e83-4255-8c35-4d1203df04bf,38.89220815498239,-77.03397926521463,07122019-14:25:59
fb218077-d1f2-4001-8166-5595274274b2,38.89220815498239,-77.03397926521463,07122019-14:25:59
91dadff7-014b-4336-b979-210e5b5a882a,38.886376,-77.012255,07122019-14:25:59
439da160-577f-44a4-b550-44b4860ef2ec,38.902801,-77.025581,07122019-14:25:59
e0be065f-25eb-48ac-b30b-bc39bed73dbb,38.910136,-77.049017,07122019-14:25:59
57c059b8-625e-44c4-84d7-d9810caf4c68,38.894072,-77.025879,07122019-14:25:59
c1f12d34-6a7b-4c21-b76f-c32b19001320,38.89220815498239,-77.03397926521463,07122019-14:25:59
b15374ab-feb2-4763-a611-d526b877f638,38.89759982008384,-77.03175653710684,07122019-14:25:59
2b90a5a8-f802-4314-9502-457d747bc547,38.892223081106394,-77.03171166800398,07122019-14:25:59
afc5deaf-facd-4d4b-b9b2-956b4b6799fa,38.89218066822634,-77.02362609103045,07122019-14:25:59
7ec62378-176d-47f7-8621-d286e4d00b1f,38.90543655185962,-77.03447034144344,07122019-14:25:59
